Kasthuri__0352_Spines.D4_Spines.D4_Spine_94 0.038561405191101975 1.0046081468801698 0.014323830469644052 0.38479620305375994 1.6263509350380554 1.1474693178379523 0.08132688363949614
Kasthuri__0480_Spines.LD_Apical_Spines.LD_Spine_29_a.LD_Spine_29a_a 0.06406655426932503 1.5292749864099333 0.03610192946023008 0.5779812313011554 3.0687983192899577 2.6763697383251097 0.056400519607416655
Kasthuri__0499_Spines.LD_Apical_Spines.LD_Spine_66_- 0.058174560212743746 1.665132887569244 0.02642570897781875 0.5050263225122981 3.5058903677005175 3.0763034912903344 0.058024240943505626
Kasthuri__0590_Spines.UD_Apical_Spines.UD_Spine_49_A 0.37933766371863675 4.178280560399715 0.3500001655872296 3.519235091018718 2.8519730744988445 1.3248858176820957 0.08844024339245991
Kasthuri__0637_Spines.LD_Apical_Spines.LD_Spine_132_A 0.25397476627644505 2.858154951084618 0.24435145467576047 2.577357656470626 2.174925704102929 0.7539605930425192 0.06934501063929482
Kasthuri__0651_Spines.LD_Apical_Spines.LD_Spine_146_A 0.38109556581914783 4.561660031770468 0.3545478471569723 4.006816389665559 3.176363841677529 0.9635542345623437 0.09391835795191403
Kasthuri__1035_Spines.D5_Apical_Spines.D5_Spine_46 0.04331404185419747 0.8964957955371298 0.034650543880465234 0.6300433004505608 1.1857169457035646 0.706459791549896 0.06366064299317485
Kasthuri__1082_Spines.D4_Spines.D4_Spine_169 0.04106726449950953 0.7794828574258492 0.03673693710288386 0.6290096308986856 0.8856301198049832 0.5311796754999847 0.058950287894316104
Kasthuri__6718_Spines.OD_57_Spine_5 0.03908334341152848 1.0130678585439299 0.026447468585198718 0.5398003264148241 1.9266540161458836 1.4138086090579223 0.05617367719360326
Kasthuri__6724_Spines.OD_51_Spine_24 0.027968975079905808 0.6160209459023465 0.023342820910330207 0.46151787762354535 0.8849987175899984 0.4920657868277905 0.06270161157072673
Kasthuri__6737_Spines.DE_6361_Spine_1.DE_6361_Spine_1a 0.04345894757109971 0.8393787253301763 0.038058303177724594 0.6383375301048373 1.044612319654614 0.5570469630286324 0.0503651551198877
Kasthuri__0480_Spines.LD_Apical_Spines.LD_Spine_29_a.LD_Spine_29a_a 0.06406655426932503 1.5292749864099333 0.03610192946023008 0.5779812313011554 3.0687983192899577 2.6763697383251097 0.056400519607416655
Kasthuri__0499_Spines.LD_Apical_Spines.LD_Spine_66_- 0.058174560212743746 1.665132887569244 0.02642570897781875 0.5050263225122981 3.5058903677005175 3.0763034912903344 0.058024240943505626
Kasthuri__0590_Spines.UD_Apical_Spines.UD_Spine_49_A 0.37933766371863675 4.178280560399715 0.3500001655872296 3.519235091018718 2.8519730744988445 1.3248858176820957 0.08844024339245991
Kasthuri__0637_Spines.LD_Apical_Spines.LD_Spine_132_A 0.25397476627644505 2.858154951084618 0.24435145467576047 2.577357656470626 2.174925704102929 0.7539605930425192 0.06934501063929482
Kasthuri__0651_Spines.LD_Apical_Spines.LD_Spine_146_A 0.38109556581914783 4.561660031770468 0.3545478471569723 4.006816389665559 3.176363841677529 0.9635542345623437 0.09391835795191403
Kasthuri__1035_Spines.D5_Apical_Spines.D5_Spine_46 0.04331404185419747 0.8964957955371298 0.034650543880465234 0.6300433004505608 1.1857169457035646 0.706459791549896 0.06366064299317485
Kasthuri__1082_Spines.D4_Spines.D4_Spine_169 0.04106726449950953 0.7794828574258492 0.03673693710288386 0.6290096308986856 0.8856301198049832 0.5311796754999847 0.058950287894316104
Kasthuri__6718_Spines.OD_57_Spine_5 0.03908334341152848 1.0130678585439299 0.026447468585198718 0.5398003264148241 1.9266540161458836 1.4138086090579223 0.05617367719360326
Kasthuri__6724_Spines.OD_51_Spine_24 0.027968975079905808 0.6160209459023465 0.023342820910330207 0.46151787762354535 0.8849987175899984 0.4920657868277905 0.06270161157072673
Kasthuri__6737_Spines.DE_6361_Spine_1.DE_6361_Spine_1a 0.04345894757109971 0.8393787253301763 0.038058303177724594 0.6383375301048373 1.044612319654614 0.5570469630286324 0.0503651551198877
Kasthuri__0480_Spines.LD_Apical_Spines.LD_Spine_29_a.LD_Spine_29a_a 0.06406655426932503 1.5292749864099333 0.03610192946023008 0.5779812313011554 3.0687983192899577 2.6763697383251097 0.056400519607416655
Kasthuri__0499_Spines.LD_Apical_Spines.LD_Spine_66_- 0.058174560212743746 1.665132887569244 0.02642570897781875 0.5050263225122981 3.5058903677005175 3.0763034912903344 0.058024240943505626
Kasthuri__0480_Spines.LD_Apical_Spines.LD_Spine_29_a.LD_Spine_29a_a 0.06406655426932503 1.5292749864099333 0.03610192946023008 0.5779812313011554 3.0687983192899577 2.6763697383251097 0.056400519607416655
Kasthuri__0499_Spines.LD_Apical_Spines.LD_Spine_66_- 0.058174560212743746 1.665132887569244 0.02642570897781875 0.5050263225122981 3.5058903677005175 3.0763034912903344 0.058024240943505626
Kasthuri__0590_Spines.UD_Apical_Spines.UD_Spine_49_A 0.37933766371863675 4.178280560399715 0.3500001655872296 3.519235091018718 2.8519730744988445 1.3248858176820957 0.08844024339245991
Kasthuri__0480_Spines.LD_Apical_Spines.LD_Spine_29_a.LD_Spine_29a_a 0.06406655426932503 1.5292749864099333 0.03610192946023008 0.5779812313011554 3.0687983192899577 2.6763697383251097 0.056400519607416655
Kasthuri__0499_Spines.LD_Apical_Spines.LD_Spine_66_- 0.058174560212743746 1.665132887569244 0.02642570897781875 0.5050263225122981 3.5058903677005175 3.0763034912903344 0.058024240943505626
Kasthuri__0590_Spines.UD_Apical_Spines.UD_Spine_49_A 0.37933766371863675 4.178280560399715 0.3500001655872296 3.519235091018718 2.8519730744988445 1.3248858176820957 0.08844024339245991
Kasthuri__0637_Spines.LD_Apical_Spines.LD_Spine_132_A 0.25397476627644505 2.858154951084618 0.24435145467576047 2.577357656470626 2.174925704102929 0.7539605930425192 0.06934501063929482
Kasthuri__0651_Spines.LD_Apical_Spines.LD_Spine_146_A 0.38109556581914783 4.561660031770468 0.3545478471569723 4.006816389665559 3.176363841677529 0.9635542345623437 0.09391835795191403
Kasthuri__1035_Spines.D5_Apical_Spines.D5_Spine_46 0.04331404185419747 0.8964957955371298 0.034650543880465234 0.6300433004505608 1.1857169457035646 0.706459791549896 0.06366064299317485
Kasthuri__1082_Spines.D4_Spines.D4_Spine_169 0.04106726449950953 0.7794828574258492 0.03673693710288386 0.6290096308986856 0.8856301198049832 0.5311796754999847 0.058950287894316104
Kasthuri__6718_Spines.OD_57_Spine_5 0.03908334341152848 1.0130678585439299 0.026447468585198718 0.5398003264148241 1.9266540161458836 1.4138086090579223 0.05617367719360326
Kasthuri__6724_Spines.OD_51_Spine_24 0.027968975079905808 0.6160209459023465 0.023342820910330207 0.46151787762354535 0.8849987175899984 0.4920657868277905 0.06270161157072673
Kasthuri__6737_Spines.DE_6361_Spine_1.DE_6361_Spine_1a 0.04345894757109971 0.8393787253301763 0.038058303177724594 0.6383375301048373 1.044612319654614 0.5570469630286324 0.0503651551198877
Kasthuri__0480_Spines.LD_Apical_Spines.LD_Spine_29_a.LD_Spine_29a_a 0.06406655426932503 1.5292749864099333 0.03610192946023008 0.5779812313011554 3.0687983192899577 2.6763697383251097 0.056400519607416655
Kasthuri__0499_Spines.LD_Apical_Spines.LD_Spine_66_- 0.058174560212743746 1.665132887569244 0.02642570897781875 0.5050263225122981 3.5058903677005175 3.0763034912903344 0.058024240943505626
Kasthuri__0440_Spines.LD_Apical_Spines.LD_Spine_18_- 0.06709748473076366 1.5997021188346698 0.026506568599869697 0.4811491559096092 2.6937201535685267 2.4223386876110045 0.07338750016622059
Kasthuri__0480_Spines.LD_Apical_Spines.LD_Spine_29_a.LD_Spine_29a_a 0.06406655426932503 1.5292749864099333 0.03610192946023008 0.5779812313011554 3.0687983192899577 2.6763697383251097 0.056400519607416655
Kasthuri__0499_Spines.LD_Apical_Spines.LD_Spine_66_- 0.058174560212743746 1.665132887569244 0.02642570897781875 0.5050263225122981 3.5058903677005175 3.0763034912903344 0.058024240943505626
Kasthuri__0440_Spines.LD_Apical_Spines.LD_Spine_18_- 0.06709748473076366 1.5997021188346698 0.026506568599869697 0.4811491559096092 2.6937201535685267 2.4223386876110045 0.07338750016622059
Kasthuri__0480_Spines.LD_Apical_Spines.LD_Spine_29_a.LD_Spine_29a_a 0.06406655426932503 1.5292749864099333 0.03610192946023008 0.5779812313011554 3.0687983192899577 2.6763697383251097 0.056400519607416655
Kasthuri__0499_Spines.LD_Apical_Spines.LD_Spine_66_- 0.058174560212743746 1.665132887569244 0.02642570897781875 0.5050263225122981 3.5058903677005175 3.0763034912903344 0.058024240943505626
Kasthuri__0590_Spines.UD_Apical_Spines.UD_Spine_49_A 0.37933766371863675 4.178280560399715 0.3500001655872296 3.519235091018718 2.8519730744988445 1.3248858176820957 0.08844024339245991
Kasthuri__0440_Spines.LD_Apical_Spines.LD_Spine_18_- 0.06709748473076366 1.5997021188346698 0.026506568599869697 0.4811491559096092 2.6937201535685267 2.4223386876110045 0.07338750016622059
Kasthuri__0480_Spines.LD_Apical_Spines.LD_Spine_29_a.LD_Spine_29a_a 0.06406655426932503 1.5292749864099333 0.03610192946023008 0.5779812313011554 3.0687983192899577 2.6763697383251097 0.056400519607416655
Kasthuri__0499_Spines.LD_Apical_Spines.LD_Spine_66_- 0.058174560212743746 1.665132887569244 0.02642570897781875 0.5050263225122981 3.5058903677005175 3.0763034912903344 0.058024240943505626
Kasthuri__0590_Spines.UD_Apical_Spines.UD_Spine_49_A 0.37933766371863675 4.178280560399715 0.3500001655872296 3.519235091018718 2.8519730744988445 1.3248858176820957 0.08844024339245991
Kasthuri__0637_Spines.LD_Apical_Spines.LD_Spine_132_A 0.25397476627644505 2.858154951084618 0.24435145467576047 2.577357656470626 2.174925704102929 0.7539605930425192 0.06934501063929482
Kasthuri__0440_Spines.LD_Apical_Spines.LD_Spine_18_- 0.06709748473076366 1.5997021188346698 0.026506568599869697 0.4811491559096092 2.6937201535685267 2.4223386876110045 0.07338750016622059
Kasthuri__0480_Spines.LD_Apical_Spines.LD_Spine_29_a.LD_Spine_29a_a 0.06406655426932503 1.5292749864099333 0.03610192946023008 0.5779812313011554 3.0687983192899577 2.6763697383251097 0.056400519607416655
Kasthuri__0499_Spines.LD_Apical_Spines.LD_Spine_66_- 0.058174560212743746 1.665132887569244 0.02642570897781875 0.5050263225122981 3.5058903677005175 3.0763034912903344 0.058024240943505626
Kasthuri__0590_Spines.UD_Apical_Spines.UD_Spine_49_A 0.37933766371863675 4.178280560399715 0.3500001655872296 3.519235091018718 2.8519730744988445 1.3248858176820957 0.08844024339245991
Kasthuri__0637_Spines.LD_Apical_Spines.LD_Spine_132_A 0.25397476627644505 2.858154951084618 0.24435145467576047 2.577357656470626 2.174925704102929 0.7539605930425192 0.06934501063929482
Kasthuri__0651_Spines.LD_Apical_Spines.LD_Spine_146_A 0.38109556581914783 4.561660031770468 0.3545478471569723 4.006816389665559 3.176363841677529 0.9635542345623437 0.09391835795191403
Kasthuri__1035_Spines.D5_Apical_Spines.D5_Spine_46 0.04331404185419747 0.8964957955371298 0.034650543880465234 0.6300433004505608 1.1857169457035646 0.706459791549896 0.06366064299317485
Kasthuri__1082_Spines.D4_Spines.D4_Spine_169 0.04106726449950953 0.7794828574258492 0.03673693710288386 0.6290096308986856 0.8856301198049832 0.5311796754999847 0.058950287894316104
Kasthuri__6718_Spines.OD_57_Spine_5 0.03908334341152848 1.0130678585439299 0.026447468585198718 0.5398003264148241 1.9266540161458836 1.4138086090579223 0.05617367719360326
Kasthuri__6724_Spines.OD_51_Spine_24 0.027968975079905808 0.6160209459023465 0.023342820910330207 0.46151787762354535 0.8849987175899984 0.4920657868277905 0.06270161157072673
Kasthuri__6737_Spines.DE_6361_Spine_1.DE_6361_Spine_1a 0.04345894757109971 0.8393787253301763 0.038058303177724594 0.6383375301048373 1.044612319654614 0.5570469630286324 0.0503651551198877
Kasthuri__0590_Spines.UD_Apical_Spines.UD_Spine_49_A 0.37933766371863675 4.178280560399715 0.3500001655872296 3.519235091018718 2.8519730744988445 1.3248858176820957 0.08844024339245991
Kasthuri__0440_Spines.LD_Apical_Spines.LD_Spine_18_- 0.06709748473076366 1.5997021188346698 0.026506568599869697 0.4811491559096092 2.6937201535685267 2.4223386876110045 0.07338750016622059
Kasthuri__0480_Spines.LD_Apical_Spines.LD_Spine_29_a.LD_Spine_29a_a 0.06406655426932503 1.5292749864099333 0.03610192946023008 0.5779812313011554 3.0687983192899577 2.6763697383251097 0.056400519607416655
Kasthuri__0499_Spines.LD_Apical_Spines.LD_Spine_66_- 0.058174560212743746 1.665132887569244 0.02642570897781875 0.5050263225122981 3.5058903677005175 3.0763034912903344 0.058024240943505626
Kasthuri__0637_Spines.LD_Apical_Spines.LD_Spine_132_A 0.25397476627644505 2.858154951084618 0.24435145467576047 2.577357656470626 2.174925704102929 0.7539605930425192 0.06934501063929482
Kasthuri__0651_Spines.LD_Apical_Spines.LD_Spine_146_A 0.38109556581914783 4.561660031770468 0.3545478471569723 4.006816389665559 3.176363841677529 0.9635542345623437 0.09391835795191403
Kasthuri__1035_Spines.D5_Apical_Spines.D5_Spine_46 0.04331404185419747 0.8964957955371298 0.034650543880465234 0.6300433004505608 1.1857169457035646 0.706459791549896 0.06366064299317485
Kasthuri__1082_Spines.D4_Spines.D4_Spine_169 0.04106726449950953 0.7794828574258492 0.03673693710288386 0.6290096308986856 0.8856301198049832 0.5311796754999847 0.058950287894316104
Kasthuri__6718_Spines.OD_57_Spine_5 0.03908334341152848 1.0130678585439299 0.026447468585198718 0.5398003264148241 1.9266540161458836 1.4138086090579223 0.05617367719360326
Kasthuri__6724_Spines.OD_51_Spine_24 0.027968975079905808 0.6160209459023465 0.023342820910330207 0.46151787762354535 0.8849987175899984 0.4920657868277905 0.06270161157072673
Kasthuri__6737_Spines.DE_6361_Spine_1.DE_6361_Spine_1a 0.04345894757109971 0.8393787253301763 0.038058303177724594 0.6383375301048373 1.044612319654614 0.5570469630286324 0.0503651551198877
Kasthuri__0672_Spines.LD_Apical_Spines.LD_Spine_165_A 0.31122556284936154 2.786242157895262 0.3045192991436724 2.6232079960397328 1.4579075027793107 0.5511175376254215 0.07433771508539319
Kasthuri__0440_Spines.LD_Apical_Spines.LD_Spine_18_- 0.06709748473076366 1.5997021188346698 0.026506568599869697 0.4811491559096092 2.6937201535685267 2.4223386876110045 0.07338750016622059
Kasthuri__0480_Spines.LD_Apical_Spines.LD_Spine_29_a.LD_Spine_29a_a 0.06406655426932503 1.5292749864099333 0.03610192946023008 0.5779812313011554 3.0687983192899577 2.6763697383251097 0.056400519607416655
Kasthuri__0499_Spines.LD_Apical_Spines.LD_Spine_66_- 0.058174560212743746 1.665132887569244 0.02642570897781875 0.5050263225122981 3.5058903677005175 3.0763034912903344 0.058024240943505626
Kasthuri__0590_Spines.UD_Apical_Spines.UD_Spine_49_A 0.37933766371863675 4.178280560399715 0.3500001655872296 3.519235091018718 2.8519730744988445 1.3248858176820957 0.08844024339245991
Kasthuri__0637_Spines.LD_Apical_Spines.LD_Spine_132_A 0.25397476627644505 2.858154951084618 0.24435145467576047 2.577357656470626 2.174925704102929 0.7539605930425192 0.06934501063929482
Kasthuri__0651_Spines.LD_Apical_Spines.LD_Spine_146_A 0.38109556581914783 4.561660031770468 0.3545478471569723 4.006816389665559 3.176363841677529 0.9635542345623437 0.09391835795191403
Kasthuri__0672_Spines.LD_Apical_Spines.LD_Spine_165_A 0.31122556284936154 2.786242157895262 0.3045192991436724 2.6232079960397328 1.4579075027793107 0.5511175376254215 0.07433771508539319
Kasthuri__1035_Spines.D5_Apical_Spines.D5_Spine_46 0.04331404185419747 0.8964957955371298 0.034650543880465234 0.6300433004505608 1.1857169457035646 0.706459791549896 0.06366064299317485
Kasthuri__1082_Spines.D4_Spines.D4_Spine_169 0.04106726449950953 0.7794828574258492 0.03673693710288386 0.6290096308986856 0.8856301198049832 0.5311796754999847 0.058950287894316104
Kasthuri__6718_Spines.OD_57_Spine_5 0.03908334341152848 1.0130678585439299 0.026447468585198718 0.5398003264148241 1.9266540161458836 1.4138086090579223 0.05617367719360326
Kasthuri__6724_Spines.OD_51_Spine_24 0.027968975079905808 0.6160209459023465 0.023342820910330207 0.46151787762354535 0.8849987175899984 0.4920657868277905 0.06270161157072673
Kasthuri__6737_Spines.DE_6361_Spine_1.DE_6361_Spine_1a 0.04345894757109971 0.8393787253301763 0.038058303177724594 0.6383375301048373 1.044612319654614 0.5570469630286324 0.0503651551198877
Kasthuri__1062_Spines.D4_Spines.D4_Spine_150_a 0.04710355136679157 0.7730338911454554 0.042454045275605826 0.6697162774130508 0.8191843847844159 0.3242261779368147 0.08057582270846345
Kasthuri__0004_Spines.D6_Apical_Spines.D6_Spine_2_A 0.10543508909662516 1.566108787001576 0.09468620410553463 1.163100792632755 2.1583200855791573 1.35519247691315 0.05087636308256012
